18
18
18
17
9
19
-8
-5
-4
7
2
16
17
14
1
13
-6
17
14
18
14
4
4
18
13
4
16
11
18
-4
4
14
-11
12
-12
12
14
14
4
-19
-18
8
8
3
-16
-7
14
18
17
-6
18
-5
14
1
13
3
5
4
16
18
3
14
5
18
15
4
4
-4
12
-12
7
-18
-18
8
2
-12
5
18
-3
-17
12
12
-19
2
18
-3
-6
14
18
-12
3
14
2
4
14
3
14
16
13
17
3
2
12
18
14
9
18
18
1
2
2
-5
18
4
8
16
-12
15
14
-9
-19
-16
-17
12
6
11
14
-4
7
-8
-6
-4
16
2
17
4
2
11
4
18
16
-14
18
-6
17
-10
-16
-8
-9
-3
10
-7
10
17
-19
-15
3
19
18
11
14
-3
17
10
-6
-2
16
12
17
16
11
14
18
18
5
14
7
15
16
4
18
17
14
12
14
14
6
13
10
14
16
12
8
4
-7
18
11
18
14
-9
17
19
16
-8
7
18
14
-6
18
-12
14
16
-3
18
5
14
2
16
4
-18
4
-10
-8
-5
19
3
19
6
19
16
-6
6
18
18
16
3
-6
4
18
16
19
4
-3
5
3
4
-3
13
18
14
-2
-11
10
18
13
17
18
13
10
19
-11
18
18
-18
1
15
7
18
10
-4
1
11
17
13
11
19
13
19
14
14
12
11
16
19
6
14
4
3
15
1
-4
5
6
14
16
9
18
8
18
-18

