14
-4
18
3
-8
7
-1
5
-1
-1
3
-5
-17
-10
-17
1
-5
-11
13
-11
14
-4
4
-16
-19
16
-2
-11
4
-4
2
-12
16
-5
3
18
-15
-5
-12
18
1
8
2
-16
-4
-16
2
9
-18
-1
15
-15
-6
-7
18
-1
2
-2
2
-3
12
-17
-18
-15
-14
-9
-7
-18
-19
4
6
-14
-6
1
5
1
-11
-16
-16
-7
-2
16
-9
9
-18
7
-16
-1
10
-4
-11
9
2
18
7
13
15
-3
-17
-15
-4
-6
11
4
4
16
4
5
-3
-14
-2
-17
-3
-14
-4
-18
12
-6
19
-18
-16
-4
7
16
5
-2
-7
2
2
-3
3
-8
-3
-17
12
-2
1
-4
19
17
5
8
-17
13
7
-4
12
3
16
7
12
-14
-2
-18
-11
-15
14
-16
18
-2
14
15
-14
3
5
-4
13
-7
14
16
-6
11
16
-10
2
7
-16
14
19
3
11
18
4
-5
13
16
12
-2
-8
14
2
-17
-9
4
16
-15
7
12
-18
18
-4
-4
-5
10
19
19
6
-16
-17
-6
14
-9
17
-12
-4
10
-2
6
18
17
-1
-15
14
10
3
1
-19
-3
-10
-2
18
16
18
-17
16
-8
-11
16
14
9
-18
-19
-17
-2
2
-7
-3
14
11
14
14
-16
7
-17
-4
16
8
-14
-5
16
5
2
12
11
-1
-17
-5
4
2
7
-4
-19
3
-19
-4
-18
1
-18
-2
10
13
9
5
8
-2
5
10
18
-3
-10
-2
18
18
-18
11
1
6
-6
11
-2

