45
101
-24
26
-24
-45
13
-12
16
61
-44
-37
38
-50
-42
24
-49
8
-71
67
2
-26
71
12
-23
-58
10
-51
63
41
79
-10
42
46
-37
-105
-46
-16
0
16
2
7
22
-20
-1
-2
77
0
-22
72
-75
-27
22
-30
10
-21
-31
37
-98
-54
8
24
19
-117
-40
-4
14
-9
46
94
-70
18
20
-21
4
-65
92
7
-18
-12
-126
-18
-7
-78
-60
42
-20
15
-84
13
2
-9
34
52
-28
14
-2
-96
0
72
28
14
47
-22
-4
54
54
21
16
-33
27
-19
-57
34
16
117
-41
-17
-49
-13
-23
34
-12
63
-32
80
0
-32
-99
5
-1
75
7
2
87
56
59
-46
6
-68
28
-49
85
2
12
11
-39
-8
40
41
33
12
-82
-8
-32
-48
-45
-12
-35
-28
44
-78
-40
15
9
58
-40
32
-20
-55
-12
127
41
-52
27
-64
39
-38
-12
-56
23
15
-63
27
-13
40
47
12
-31
-48
-19
36
36
56
77
-29
2
83
47
66
60
-33
-45
6
22
15
-40
-126
66
-30
-56
-94
6
8
10
-42
24
5
35
-36
-53
98
-29
1
-41
5
27
-46
-16
10
-7
28
44
-12
-80
77
45
40
-34
-12
-75
16
-51
-3
-17
-6
-25
21
4
8
-23
47
-26
66
-15
6
-29
62
15
29
54
-30
-36
24
6
-24
-56
8
108
21
-32
31
4
-27
24
-49
6
-36
26
19
-45
-62
-34
-44
8
-37
-9
-54
33
-39
6
47
0
84
-72
86
28
-39
-39
-2
11
-17
55
36
23
-35
21
6
34
-73
4
67
-32
33
35
-74
-69
-14
-43
44
-62
-9
33
-15
22
64
-1
-23
9
120
-6
-118
48
-58
-45
-88
-18
-25
25
32
44
-20
-9
30
10
-6
-54
-32
78
6
-96
-18
-5
-62
4
1
6
6
0
12
17
-28
64
-47
-32
72
-68
2
-52
-78
-72
-7
-1
-3
12
30
6
-3
52
-73
4
40
-59
-76
76
28
-68
-85
-67
-15
6
-64
-17
-39
67
-16
-21
-40
-3
53
3
-19
29
1
-96
-5
-51
-10
-14
10
22
-25
-24
32
6
78
55
9
20
-25
-39
-12
-13
-11
-36
54
-37
17
-28
20
-44
-10
-12
-66
48
24
23
-60
0
22
64
8
58
66
-66
14
50
-102
-47
24
-34
51
59
26
-89
-30
-82
54
40
93
35
-30
73
-19
24
69
33
1
26
35
28
-19
-23
20
52
0
14
-10
-23
-101
-24
-40
62
67
-67
55
-108
53
-38
-33
18
38
20
-15
18
46
24
24
83
0
0
60
18
42
-64
-44
-23
10
48
-52
36
62
-39
32
-52
-27
7
-44
-4
47
2
110
22
1
-62
-48
6
41
65
24
8
-20
-5
13
-49
65
57
-26
15
-15
-19
-52
65
23
-18
-55
20
-35
1
15
-7
-14
-40
-54
47
-99
11
-48
52
67
-1
34
-27
-15
20
56
-128
-68
-58
8
5
2
-82
45
75
-38
31
-41
-26
67
-20
44
-108
57
-60
4
35
-57
-74
60
-54
88
70
-10
34
-25
-28
50
-65
-54
-26
-12
85
-9
22
-1
-45
-36
13
51
-22
48
-41
-37
-48
-27
15
-6
12
30
-9
-5
44
-4
-28
-50
6
4
9
0
-36
16
-26
8
-6
15
0
85
20
31
53
-33
-70
-80
0
5
69
-54
9
10
-44
-64
-17
-65
-4
-39
-18
-9
12
-96
-4
80
25
-40
-29
-75
-43
-8
38
17
-26
33
-9
66
7
-20
-4
0
5
0
24
84
-36
33
-67
84
9
20
-13
38
-1
4
8
-36
2
-27
-60
-56
10
-44
-42
-49
6
9
59
0
3
39
0
56
-43
30
3
24
36
-51
34
24
106
-37
17
49
56
26
-62
16
-69
19
123
9
-38
18
8
80
-13
69
45
-84
-23
59
4
-14
-53
-76
-46
-51
39
78
-11
66
-92
-46
61
12
128
85
1
28
17
-29
51
-63
51
-50
28
15
-31
22
-116
-72
-7
-48
14
-13
44
57
4
-99
-46
-64
15
43
4
1
-4
-16
57
-20
-69
7
0
-18
45
15
43
13
-18
-9
6
18
52
77
38
-3
-57
-22
64
10
44
1
-84
14
-48
38
2
43
7
-64
-27
32
-37
-86
20
-4
20
83
-73
-68
37
-59
-66
105
-52
-34
-3
32
42
-42
-54
77
-64
-21
-23
104
1
-30
39
-54
-17
33
54
126
-11
35
39
0
51
-1
91
-20
-7
-18
18
0
63
-42
-20
-13
72
33
36
28
24
-61
-10
10
8
-64
-64
29
48
33
45
-94
-9
-16
63
37
12
-28
-17
-9
59
60
-71
-60
59
0
-30
35
58
9
61
49
-15
-19
-27
-3
23
-28
-14
97
-45
7
-26
1
-96
-31
-6
21
12
-52
-60
27
-72
25
68
-26
3
57
18
54
0
-9
49
27
-78
-9
32
99
-5
-73
67
-31
2
18
-59
-90
0
66
64
-10
-34
-42
72
-24
76
16
-90
30
-9
77
-12
51
4
-22
-76
-24
-2
29
116
-32
-31
58
-60
-3
-12
-20
0
40
-31
19
-46
-32
45
7
41
49
-9
56
49
-35
-24
-54
7
23
63
56
-39
117

