-20
0
100
-10
-19
-1
90
-10
-18
-2
80
-10
-17
-3
70
-10
-16
-4
60
-10
-15
-5
50
-10
-14
-6
40
-10
-13
-7
30
-10
-12
-8
20
-10
-11
-9
10
-10
-10
-10
0
NaN
-9
-11
-10
-10
-8
-12
-20
-10
-7
-13
-30
-10
-6
-14
-40
-10
-5
-15
-50
-10
-4
-16
-60
-10
-3
-17
-70
-10
-2
-18
-80
-10
-1
-19
-90
-10
0
-20
-100
-10
-19
1
90
-9
-18
0
81
-9
-17
-1
72
-9
-16
-2
63
-9
-15
-3
54
-9
-14
-4
45
-9
-13
-5
36
-9
-12
-6
27
-9
-11
-7
18
-9
-10
-8
9
-9
-9
-9
0
NaN
-8
-10
-9
-9
-7
-11
-18
-9
-6
-12
-27
-9
-5
-13
-36
-9
-4
-14
-45
-9
-3
-15
-54
-9
-2
-16
-63
-9
-1
-17
-72
-9
0
-18
-81
-9
1
-19
-90
-9
-18
2
80
-8
-17
1
72
-8
-16
0
64
-8
-15
-1
56
-8
-14
-2
48
-8
-13
-3
40
-8
-12
-4
32
-8
-11
-5
24
-8
-10
-6
16
-8
-9
-7
8
-8
-8
-8
0
NaN
-7
-9
-8
-8
-6
-10
-16
-8
-5
-11
-24
-8
-4
-12
-32
-8
-3
-13
-40
-8
-2
-14
-48
-8
-1
-15
-56
-8
0
-16
-64
-8
1
-17
-72
-8
2
-18
-80
-8
-17
3
70
-7
-16
2
63
-7
-15
1
56
-7
-14
0
49
-7
-13
-1
42
-7
-12
-2
35
-7
-11
-3
28
-7
-10
-4
21
-7
-9
-5
14
-7
-8
-6
7
-7
-7
-7
0
NaN
-6
-8
-7
-7
-5
-9
-14
-7
-4
-10
-21
-7
-3
-11
-28
-7
-2
-12
-35
-7
-1
-13
-42
-7
0
-14
-49
-7
1
-15
-56
-7
2
-16
-63
-7
3
-17
-70
-7
-16
4
60
-6
-15
3
54
-6
-14
2
48
-6
-13
1
42
-6
-12
0
36
-6
-11
-1
30
-6
-10
-2
24
-6
-9
-3
18
-6
-8
-4
12
-6
-7
-5
6
-6
-6
-6
0
NaN
-5
-7
-6
-6
-4
-8
-12
-6
-3
-9
-18
-6
-2
-10
-24
-6
-1
-11
-30
-6
0
-12
-36
-6
1
-13
-42
-6
2
-14
-48
-6
3
-15
-54
-6
4
-16
-60
-6
-15
5
50
-5
-14
4
45
-5
-13
3
40
-5
-12
2
35
-5
-11
1
30
-5
-10
0
25
-5
-9
-1
20
-5
-8
-2
15
-5
-7
-3
10
-5
-6
-4
5
-5
-5
-5
0
NaN
-4
-6
-5
-5
-3
-7
-10
-5
-2
-8
-15
-5
-1
-9
-20
-5
0
-10
-25
-5
1
-11
-30
-5
2
-12
-35
-5
3
-13
-40
-5
4
-14
-45
-5
5
-15
-50
-5
-14
6
40
-4
-13
5
36
-4
-12
4
32
-4
-11
3
28
-4
-10
2
24
-4
-9
1
20
-4
-8
0
16
-4
-7
-1
12
-4
-6
-2
8
-4
-5
-3
4
-4
-4
-4
0
NaN
-3
-5
-4
-4
-2
-6
-8
-4
-1
-7
-12
-4
0
-8
-16
-4
1
-9
-20
-4
2
-10
-24
-4
3
-11
-28
-4
4
-12
-32
-4
5
-13
-36
-4
6
-14
-40
-4
-13
7
30
-3
-12
6
27
-3
-11
5
24
-3
-10
4
21
-3
-9
3
18
-3
-8
2
15
-3
-7
1
12
-3
-6
0
9
-3
-5
-1
6
-3
-4
-2
3
-3
-3
-3
0
NaN
-2
-4
-3
-3
-1
-5
-6
-3
0
-6
-9
-3
1
-7
-12
-3
2
-8
-15
-3
3
-9
-18
-3
4
-10
-21
-3
5
-11
-24
-3
6
-12
-27
-3
7
-13
-30
-3
-12
8
20
-2
-11
7
18
-2
-10
6
16
-2
-9
5
14
-2
-8
4
12
-2
-7
3
10
-2
-6
2
8
-2
-5
1
6
-2
-4
0
4
-2
-3
-1
2
-2
-2
-2
0
NaN
-1
-3
-2
-2
0
-4
-4
-2
1
-5
-6
-2
2
-6
-8
-2
3
-7
-10
-2
4
-8
-12
-2
5
-9
-14
-2
6
-10
-16
-2
7
-11
-18
-2
8
-12
-20
-2
-11
9
10
-1
-10
8
9
-1
-9
7
8
-1
-8
6
7
-1
-7
5
6
-1
-6
4
5
-1
-5
3
4
-1
-4
2
3
-1
-3
1
2
-1
-2
0
1
-1
-1
-1
0
NaN
0
-2
-1
-1
1
-3
-2
-1
2
-4
-3
-1
3
-5
-4
-1
4
-6
-5
-1
5
-7
-6
-1
6
-8
-7
-1
7
-9
-8
-1
8
-10
-9
-1
9
-11
-10
-1
-10
10
0
0
-9
9
0
0
-8
8
0
0
-7
7
0
0
-6
6
0
0
-5
5
0
0
-4
4
0
0
-3
3
0
0
-2
2
0
0
-1
1
0
0
0
0
0
NaN
1
-1
0
0
2
-2
0
0
3
-3
0
0
4
-4
0
0
5
-5
0
0
6
-6
0
0
7
-7
0
0
8
-8
0
0
9
-9
0
0
10
-10
0
0
-9
11
-10
1
-8
10
-9
1
-7
9
-8
1
-6
8
-7
1
-5
7
-6
1
-4
6
-5
1
-3
5
-4
1
-2
4
-3
1
-1
3
-2
1
0
2
-1
1
1
1
0
NaN
2
0
1
1
3
-1
2
1
4
-2
3
1
5
-3
4
1
6
-4
5
1
7
-5
6
1
8
-6
7
1
9
-7
8
1
10
-8
9
1
11
-9
10
1
-8
12
-20
2
-7
11
-18
2
-6
10
-16
2
-5
9
-14
2
-4
8
-12
2
-3
7
-10
2
-2
6
-8
2
-1
5
-6
2
0
4
-4
2
1
3
-2
2
2
2
0
NaN
3
1
2
2
4
0
4
2
5
-1
6
2
6
-2
8
2
7
-3
10
2
8
-4
12
2
9
-5
14
2
10
-6
16
2
11
-7
18
2
12
-8
20
2
-7
13
-30
3
-6
12
-27
3
-5
11
-24
3
-4
10
-21
3
-3
9
-18
3
-2
8
-15
3
-1
7
-12
3
0
6
-9
3
1
5
-6
3
2
4
-3
3
3
3
0
NaN
4
2
3
3
5
1
6
3
6
0
9
3
7
-1
12
3
8
-2
15
3
9
-3
18
3
10
-4
21
3
11
-5
24
3
12
-6
27
3
13
-7
30
3
-6
14
-40
4
-5
13
-36
4
-4
12
-32
4
-3
11
-28
4
-2
10
-24
4
-1
9
-20
4
0
8
-16
4
1
7
-12
4
2
6
-8
4
3
5
-4
4
4
4
0
NaN
5
3
4
4
6
2
8
4
7
1
12
4
8
0
16
4
9
-1
20
4
10
-2
24
4
11
-3
28
4
12
-4
32
4
13
-5
36
4
14
-6
40
4
-5
15
-50
5
-4
14
-45
5
-3
13
-40
5
-2
12
-35
5
-1
11
-30
5
0
10
-25
5
1
9
-20
5
2
8
-15
5
3
7
-10
5
4
6
-5
5
5
5
0
NaN
6
4
5
5
7
3
10
5
8
2
15
5
9
1
20
5
10
0
25
5
11
-1
30
5
12
-2
35
5
13
-3
40
5
14
-4
45
5
15
-5
50
5
-4
16
-60
6
-3
15
-54
6
-2
14
-48
6
-1
13
-42
6
0
12
-36
6
1
11
-30
6
2
10
-24
6
3
9
-18
6
4
8
-12
6
5
7
-6
6
6
6
0
NaN
7
5
6
6
8
4
12
6
9
3
18
6
10
2
24
6
11
1
30
6
12
0
36
6
13
-1
42
6
14
-2
48
6
15
-3
54
6
16
-4
60
6
-3
17
-70
7
-2
16
-63
7
-1
15
-56
7
0
14
-49
7
1
13
-42
7
2
12
-35
7
3
11
-28
7
4
10
-21
7
5
9
-14
7
6
8
-7
7
7
7
0
NaN
8
6
7
7
9
5
14
7
10
4
21
7
11
3
28
7
12
2
35
7
13
1
42
7
14
0
49
7
15
-1
56
7
16
-2
63
7
17
-3
70
7
-2
18
-80
8
-1
17
-72
8
0
16
-64
8
1
15
-56
8
2
14
-48
8
3
13
-40
8
4
12
-32
8
5
11
-24
8
6
10
-16
8
7
9
-8
8
8
8
0
NaN
9
7
8
8
10
6
16
8
11
5
24
8
12
4
32
8
13
3
40
8
14
2
48
8
15
1
56
8
16
0
64
8
17
-1
72
8
18
-2
80
8
-1
19
-90
9
0
18
-81
9
1
17
-72
9
2
16
-63
9
3
15
-54
9
4
14
-45
9
5
13
-36
9
6
12
-27
9
7
11
-18
9
8
10
-9
9
9
9
0
NaN
10
8
9
9
11
7
18
9
12
6
27
9
13
5
36
9
14
4
45
9
15
3
54
9
16
2
63
9
17
1
72
9
18
0
81
9
19
-1
90
9
0
20
-100
10
1
19
-90
10
2
18
-80
10
3
17
-70
10
4
16
-60
10
5
15
-50
10
6
14
-40
10
7
13
-30
10
8
12
-20
10
9
11
-10
10
10
10
0
NaN
11
9
10
10
12
8
20
10
13
7
30
10
14
6
40
10
15
5
50
10
16
4
60
10
17
3
70
10
18
2
80
10
19
1
90
10
20
0
100
10

