1. 21.7 21.9 22.1 22.3 3
2. 36.8° 37.0° 37.2° 37.4° 3
3. 64.2 64.4 64.6 64.8 1
4. 20.4 20.6 20.8 21.0 1
5. 15.9° 16.1° 16.3° 16.5° 4
6. 18.8 19.0 19.2 19.4 4
7. 14.2 14.4 14.6 14.8 1
8. 64.5° 64.7° 64.9° 65.1° 2
9. 86.5 86.7 86.9 87.1 3
10. 90.5 90.7 90.9 91.1 4
11. 40.9° 41.1° 41.3° 41.5° 1
12. 23.6 23.8 24.0 24.2 3
13. 38.5 38.7 38.9 39.1 4
14. 53.0 53.2 53.4 53.6 3
15. 40.9° 41.1° 41.3° 41.5° 2
16. 43.5 43.7 43.9 44.1 2
17. 50.3° 50.5° 50.7° 50.9° 4
18. 38.6 38.8 39.0 39.2 1
19. 31.2 31.4 31.6 31.8 2
20. 77.0 77.2 77.4 77.6 2
21. 36.5 36.7 36.9 37.1 4
22. 73.8 74.0 74.2 74.4 2
23. 22.1° 22.3° 22.5° 22.7° 4
24. 28.9 29.1 29.3 29.5 3
25. 60.2 60.4 60.6 60.8 2
26. 21.0 21.2 21.4 21.6 2
27. 49.9 50.1 50.3 50.5 1
28. 24.7 24.9 25.1 25.3 1
29. 61.7° 61.9° 62.1° 62.3° 3
30. 10.9 11.1 11.3 11.5 4
31. 22.9 23.1 23.3 23.5 4
32. 54.7° 54.9° 55.1° 55.3° 4
33. 92.0 92.2 92.4 92.6 3
34. 48.1° 48.3° 48.5° 48.7° 3
35. 12.5 12.7 12.9 13.1 4
36. 88.2 88.4 88.6 88.8 2
37. 15.8 16.0 16.2 16.4 2
38. 27.9° 28.1° 28.3° 28.5° 3
39. 89.0 89.2 89.4 89.6 3
40. 27.0 27.2 27.4 27.6 2
41. 26.8 27.0 27.2 27.4 2
42. 50.5 50.7 50.9 51.1 1
43. 12.6 12.8 13.0 13.2 4
44. 73.9° 74.1° 74.3° 74.5° 4
45. 27.5 27.7 27.9 28.1 1
46. 20.9 21.1 21.3 21.5 1
47. 27.3 27.5 27.7 27.9 4
48. 58.9 59.1 59.3 59.5 4
49. 63.7 63.9 64.1 64.3 1
50. 53.6 53.8 54.0 54.2 3
51. 31.8° 32.0° 32.2° 32.4° 4
52. 97.4 97.6 97.8 98.0 4
53. 83.2 83.4 83.6 83.8 2
54. 22.0 22.2 22.4 22.6 1
55. 78.6 78.8 79.0 79.2 2
56. 68.7 68.9 69.1 69.3 1
57. 93.2 93.4 93.6 93.8 3
58. 51.4 51.6 51.8 52.0 4
59. 57.3 57.5 57.7 57.9 4
60. 79.8 80.0 80.2 80.4 3
61. 45.6 45.8 46.0 46.2 1
62. 95.9 96.1 96.3 96.5 1
63. 26.4° 26.6° 26.8° 27.0° 4
64. 46.7 46.9 47.1 47.3 1
65. 58.3 58.5 58.7 58.9 3
66. 84.1 84.3 84.5 84.7 1
67. 78.9° 79.1° 79.3° 79.5° 2
68. 27.8 28.0 28.2 28.4 2
69. 79.7 79.9 80.1 80.3 3
70. 51.0 51.2 51.4 51.6 4
71. 72.1 72.3 72.5 72.7 3
72. 52.0 52.2 52.4 52.6 2
73. 57.9° 58.1° 58.3° 58.5° 2
74. 75.7 75.9 76.1 76.3 1
75. 37.0 37.2 37.4 37.6 1
76. 62.1 62.3 62.5 62.7 3
77. 20.9 21.1 21.3 21.5 2
78. 69.4° 69.6° 69.8° 70.0° 2
79. 50.2 50.4 50.6 50.8 4
80. 36.3 36.5 36.7 36.9 2
81. 50.3 50.5 50.7 50.9 3
82. 32.0 32.2 32.4 32.6 4
83. 30.5 30.7 30.9 31.1 3
84. 49.5 49.7 49.9 50.1 2
85. 61.8 62.0 62.2 62.4 3
86. 64.9° 65.1° 65.3° 65.5° 1
87. 42.2° 42.4° 42.6° 42.8° 2
88. 39.8 40.0 40.2 40.4 2
89. 61.4 61.6 61.8 62.0 1
90. 20.7° 20.9° 21.1° 21.3° 2
91. 78.5° 78.7° 78.9° 79.1° 3
92. 65.3° 65.5° 65.7° 65.9° 2
93. 68.1 68.3 68.5 68.7 3
94. 63.3° 63.5° 63.7° 63.9° 3
95. 56.0 56.2 56.4 56.6 1
96. 25.3 25.5 25.7 25.9 4
97. 21.3 21.5 21.7 21.9 3
98. 69.5 69.7 69.9 70.1 1
99. 82.8 83.0 83.2 83.4 2
100. 58.1° 58.3° 58.5° 58.7° 4

