78.7
37.7
22.3
43.4
98.9
39.1
52.7
64.4
74.8
61.4
39.2
66.0
38.1
49.1
21.4
61.5
67.6
50.9
51.2
39.9
63.1
46.0
75.0
38.6
62.9
17.5
48.4
14.6
50.6
15.0
72.8
47.7
85.7
48.7
20.8
17.1
65.9
42.2
55.2
90.1
21.9
91.2
87.8
54.4
42.2
94.6
74.0
69.9
22.2
35.7
27.1
62.7
70.8
39.4
41.0
15.6
19.7
47.3
28.2
27.8
32.9
40.5
40.4
19.7
47.4
44.7
37.1
73.4
18.9
60.2
47.6
25.2
36.6
25.0
42.0
83.0
41.6
53.4
62.4
51.3
46.1
31.7
96.4
40.0
81.4
64.5
46.2
38.2
44.0
31.4
90.6
60.3
23.8
39.6
22.3
61.2
52.4
63.9
56.4
32.7
40.1
58.0
28.7
54.2
15.9
54.4
75.4
14.8
39.1
54.8
56.4
75.2
87.2
22.7
31.5
52.9
57.3
21.3
22.1
24.3
41.1
75.9
79.6
66.0
44.9
47.2
81.1
21.1
19.6
85.5
45.1
35.8
23.5
68.2
30.5
58.0
62.0
40.0
56.8
26.4
43.0
61.0
50.2
47.6
48.6
34.1
26.2
35.0
36.7
33.7
67.0
22.3
46.9
93.7
14.6
41.1
40.8
87.3
52.8
36.1
18.5
58.0
83.0
35.8
29.1
24.8
49.4
12.9
40.4
38.0
46.6
52.0
14.7
30.1
80.9
32.7
33.0
56.5
78.1
64.8
65.9
33.8
18.3
24.5
52.4
96.7
66.1
34.8
16.1
51.5
59.5
28.8
12.9
50.9
66.8
50.4
19.3
45.6
56.0
41.7
40.5
70.2
91.9
46.1
28.0
77.1
43.4
88.8
28.5
27.5
27.5
48.0
56.1
63.4
59.9
30.6
38.2
79.2
51.9
73.2
29.4
71.7
92.6
34.2
39.2
63.9
84.9
58.0
53.9
37.2
57.6
60.4
71.4
23.2
80.5
22.1
30.2
28.1
93.3
65.4
31.4
34.1
21.4
41.2
66.9
47.3
48.0
29.7
43.9
17.7
20.0
30.6
15.2
40.0
84.6
51.3
43.9
92.7
25.6
84.1
18.2
54.9
63.1
90.7
36.6
53.5
62.3
54.5
49.8
38.0
32.5
21.3
55.4
82.5
18.7
55.8
30.8
32.3
22.0
66.4
15.4
70.6
15.4
16.7
18.9
46.3
88.4
30.8
26.8
47.6
44.1
91.1
36.9
64.2
50.0
30.5
14.3
55.0
16.0
74.6
81.0
31.7
45.6
11.1
58.5
44.2
24.0
44.9
16.2
13.8
14.3
19.9
95.4
42.3
39.5
38.4
52.3
54.9
42.7
70.7
37.2
13.1
68.5
51.2
18.6
76.1
37.0
94.2
85.9
27.1
26.4
19.1
79.8
65.0
52.1
47.1
67.1
42.4
77.7
18.4
25.1
30.3
69.4
61.3
60.7
16.2
34.8
29.8
58.5
31.6
17.3
81.1
91.0
64.9
70.2
92.9
36.8
45.1
42.7
18.4
43.2
20.2
27.3
38.0
27.4
43.5
68.4
62.1
27.2
15.6
57.3
58.0
82.3
48.9
40.9
11.9
75.3
12.4
39.5
47.5
44.9
47.2
43.4
30.0
80.0
47.3
86.5
23.6
92.9
24.0
63.0
52.8
38.9
11.6
61.5
36.7
68.8
15.1
95.6
37.3
11.3
58.5
24.3
32.7
53.3
24.1
69.9
17.6
37.5
94.2
88.7
41.4
27.2
88.5
72.3
80.3
52.2
62.2
87.7
43.9
37.3
26.3
42.2
45.8
25.2
80.9
59.1
36.4
22.7
49.2
21.9
42.3
34.1
44.5
22.5
74.0
32.7
36.6
47.1
61.1
19.5
46.5
88.1
88.1
24.9
46.2
23.5
66.6
57.0
22.4
44.7
23.9
41.7
41.5
37.2
27.1
58.6
12.8
19.9
52.8
49.2
53.3
23.3
39.9
19.0
52.0
49.5
70.2
50.6
63.0
96.4
12.3
94.5
40.3
59.2
61.0
32.7
82.0
17.9
65.9
30.1
39.6
25.7
72.4
58.6
53.4
17.9
18.4
34.6
52.4
51.1
72.1
22.9
40.4
48.3
80.6
34.8
39.4
14.5
28.0
14.1
15.6
46.3
70.2
38.9
61.2
40.0
51.0
54.1
26.0
37.3
43.4
32.1
47.7
60.1
30.6
29.6
16.4
78.3
36.3
20.4
53.4
22.5
41.6
13.2
16.7
61.7
46.3
19.1
28.5
39.7
39.8
51.6
17.1
85.5
23.7
71.4
27.7
12.8
22.4
43.6
60.3
14.2
61.9
45.4
54.8
12.2
41.3
47.2
40.9
52.9
29.8
95.7
50.0
37.5
56.2
78.8
39.4
34.1
27.4
45.1
55.7
86.2
56.7
55.9
52.4
41.1
56.8
51.7
63.9
44.2
83.2
68.5
48.8
18.6
63.5
42.4
50.8
22.7
28.7
22.6
34.1
61.1
37.9
11.2
22.1
12.2
68.7
31.4
34.6
32.5
66.4
17.0
75.6
64.5
43.2
73.7
21.8
73.7
67.9
17.0
84.0
55.7
66.0
31.7
18.8
30.5
34.5
44.2
43.5
20.2
62.2
58.7
49.3
38.1
89.2
13.6
55.0
35.9
56.6
32.0
24.5
38.9
13.7
51.2
27.1
48.6
37.6
93.0
54.5
83.9
50.7
47.1
59.6
24.2
58.6
43.1
60.3
59.1
13.9
25.2
65.0
27.5
56.9
27.2
85.9
23.1
67.5
63.8
27.5
33.6
39.7
61.4
65.1
40.0
97.4
27.1
56.7
94.5
56.0
51.7
37.6
76.9
58.9
29.9
19.9
71.5
30.0
31.6
36.3
31.9
34.2
51.0
63.3
30.2
94.7
12.4
39.3
26.8
38.5
50.3
48.7
39.3
64.2
48.1
25.2
32.0
25.3
56.5
43.9
42.4
82.8
45.9
64.3
16.9
44.1
63.0
46.9
75.0
21.1
37.1
78.1
21.5
96.2
55.2
33.1
12.9
36.8
25.5
34.6
62.3
54.3
29.7
53.9
36.3
53.5
43.2
53.5
57.4
39.9
46.7
36.4
44.7
24.9
28.3
29.6
36.0
38.0
36.3
38.1
68.9
82.9
15.2
71.5
40.0
34.4
93.3
68.6
42.3
35.7
50.8
32.3
33.6
26.5
30.0
23.3
31.0
59.4
95.8
52.2
54.1
83.0
51.6
19.9
56.2
39.4
76.6
39.8
94.8
43.5
48.7
90.2
27.0
42.7
22.2
80.6
36.8
29.5
42.1
14.9
87.6
38.4
23.8
60.0
71.2
70.5
26.5
37.2
63.9
38.7
69.7
29.4
29.2
23.3
19.8
38.6
46.5
85.3
50.0
45.4
42.4
31.2
17.5
70.6
31.7
47.0
24.5
80.9
38.2
84.6
15.3
44.1
65.7
32.3
78.0
14.7
33.5
38.9
95.9
23.8
63.8
35.6
14.6
76.3
54.4
59.7
36.4
86.5
53.2
70.1
69.6
60.8
52.7
50.1
27.5
88.0
27.9
66.2
39.1
61.7
22.1
34.4
72.7
84.0
31.2
18.8
72.7
86.2
50.3
38.7
29.2
23.4
29.4
67.8
82.5
49.6
99.0
21.3
23.2
12.7
40.0
20.8
66.6
33.2
49.2
24.0
23.5
49.4
39.5
41.7
18.9
77.0
51.6
30.0
88.6
34.5
71.2
69.7
22.8
38.0
30.6
51.5
51.0
37.7
91.4
60.4
22.8
65.4
74.4
27.6
82.7
46.8
57.2
34.1
18.0
43.4
22.4
16.1
56.6
80.2
54.6
74.9
82.4
62.6
26.7
14.9
26.6
39.8
24.3
77.1
85.0
41.8
36.9
20.9
88.1
73.8
37.1
72.3
15.3
29.2
44.4
82.3
19.1
15.6
39.9
26.1
63.4
38.5
28.5
27.1
55.9
72.2
23.6
79.5
25.1
95.4
17.7
33.9
59.0
30.5
15.9
31.0
42.8
88.1
57.6
28.5
26.2
32.2
52.8
86.8
84.9
80.5
49.4
51.2
14.2
41.1
41.5
44.4
44.0
17.3
56.4
29.2
43.5
55.1
29.2
20.8
43.6
37.1
51.5
91.7
35.7
57.1
50.9
17.1
73.6
43.9
51.2
57.7
39.0
16.3
43.9
28.5
70.4
71.4
20.3
45.2
16.9
38.4
39.7
24.1
16.3
35.6
23.0
26.4
68.5
92.1
29.9
91.1
14.9
34.9
41.6
57.5
55.8
36.1
85.8
29.9
44.7
78.8
19.8