0.01
0.1
1
0.1
1
10
1
10
100
0.02
0.2
2
0.2
2
20
2
20
200
0.03
0.3
3
0.3
3
30
3
30
300
0.04
0.4
4
0.4
4
40
4
40
400
0.05
0.5
5
0.5
5
50
5
50
500
0.06
0.6
6
0.6
6
60
6
60
600
0.07
0.7
7
0.7
7
70
7
70
700
0.08
0.8
8
0.8
8
80
8
80
800
0.09
0.9
9
0.9
9
90
9
90
900
0.02
0.2
2
0.2
2
20
2
20
200
0.04
0.4
4
0.4
4
40
4
40
400
0.06
0.6
6
0.6
6
60
6
60
600
0.08
0.8
8
0.8
8
80
8
80
800
0.1
1
10
1
10
100
10
100
1000
0.12
1.2
12
1.2
12
120
12
120
1200
0.14
1.4
14
1.4
14
140
14
140
1400
0.16
1.6
16
1.6
16
160
16
160
1600
0.18
1.8
18
1.8
18
180
18
180
1800
0.03
0.3
3
0.3
3
30
3
30
300
0.06
0.6
6
0.6
6
60
6
60
600
0.09
0.9
9
0.9
9
90
9
90
900
0.12
1.2
12
1.2
12
120
12
120
1200
0.15
1.5
15
1.5
15
150
15
150
1500
0.18
1.8
18
1.8
18
180
18
180
1800
0.21
2.1
21
2.1
21
210
21
210
2100
0.24
2.4
24
2.4
24
240
24
240
2400
0.27
2.7
27
2.7
27
270
27
270
2700
0.04
0.4
4
0.4
4
40
4
40
400
0.08
0.8
8
0.8
8
80
8
80
800
0.12
1.2
12
1.2
12
120
12
120
1200
0.16
1.6
16
1.6
16
160
16
160
1600
0.2
2
20
2
20
200
20
200
2000
0.24
2.4
24
2.4
24
240
24
240
2400
0.28
2.8
28
2.8
28
280
28
280
2800
0.32
3.2
32
3.2
32
320
32
320
3200
0.36
3.6
36
3.6
36
360
36
360
3600
0.05
0.5
5
0.5
5
50
5
50
500
0.1
1
10
1
10
100
10
100
1000
0.15
1.5
15
1.5
15
150
15
150
1500
0.2
2
20
2
20
200
20
200
2000
0.25
2.5
25
2.5
25
250
25
250
2500
0.3
3
30
3
30
300
30
300
3000
0.35
3.5
35
3.5
35
350
35
350
3500
0.4
4
40
4
40
400
40
400
4000
0.45
4.5
45
4.5
45
450
45
450
4500
0.06
0.6
6
0.6
6
60
6
60
600
0.12
1.2
12
1.2
12
120
12
120
1200
0.18
1.8
18
1.8
18
180
18
180
1800
0.24
2.4
24
2.4
24
240
24
240
2400
0.3
3
30
3
30
300
30
300
3000
0.36
3.6
36
3.6
36
360
36
360
3600
0.42
4.2
42
4.2
42
420
42
420
4200
0.48
4.8
48
4.8
48
480
48
480
4800
0.54
5.4
54
5.4
54
540
54
540
5400
0.07
0.7
7
0.7
7
70
7
70
700
0.14
1.4
14
1.4
14
140
14
140
1400
0.21
2.1
21
2.1
21
210
21
210
2100
0.28
2.8
28
2.8
28
280
28
280
2800
0.35
3.5
35
3.5
35
350
35
350
3500
0.42
4.2
42
4.2
42
420
42
420
4200
0.49
4.9
49
4.9
49
490
49
490
4900
0.56
5.6
56
5.6
56
560
56
560
5600
0.63
6.3
63
6.3
63
630
63
630
6300
0.08
0.8
8
0.8
8
80
8
80
800
0.16
1.6
16
1.6
16
160
16
160
1600
0.24
2.4
24
2.4
24
240
24
240
2400
0.32
3.2
32
3.2
32
320
32
320
3200
0.4
4
40
4
40
400
40
400
4000
0.48
4.8
48
4.8
48
480
48
480
4800
0.56
5.6
56
5.6
56
560
56
560
5600
0.64
6.4
64
6.4
64
640
64
640
6400
0.72
7.2
72
7.2
72
720
72
720
7200
0.09
0.9
9
0.9
9
90
9
90
900
0.18
1.8
18
1.8
18
180
18
180
1800
0.27
2.7
27
2.7
27
270
27
270
2700
0.36
3.6
36
3.6
36
360
36
360
3600
0.45
4.5
45
4.5
45
450
45
450
4500
0.54
5.4
54
5.4
54
540
54
540
5400
0.63
6.3
63
6.3
63
630
63
630
6300
0.72
7.2
72
7.2
72
720
72
720
7200
0.81
8.1
81
8.1
81
810
81
810
8100

