5
5
18
2
17
4
11
4
16
5
4
2
3
6
8
13
20
4
7
16
20
20
4
6
5
18
19
2
12
5
4
3
18
17
8
8
3
14
16
16
3
7
4
20
2
5
14
2
6
9
9
2
19
6
3
4
14
4
6
10
11
3
2
5
3
18
11
3
4
6
16
3
6
15
2
17
20
4
19
12
18
4
18
7
8
7
14
19
8
2
3
16
2
3
5
14
12
3
9
5
19
7
8
17
6
8
18
8
2
4
9
7
2
4
3
2
2
6
7
20
12
2
2
5
2
10
17
2
14
5
7
14
18
3
11
9
10
2
2
13
5
4
6
2
3
4
20
19
13
3
3
2
5
9
2
4
6
8
6
3
15
10
2
5
4
15
2
18
16
7
4
20
8
3
15
4
12
18
3
2
2
2
5
3
20
15
5
12
16
2
12
13
6
2
6
15
4
2
3
4
11
17
4
5
4
16
2
5
6
15
4
2
4
2
12
2
5
4
4
3
3
2
2
4
2
6
2
4
2
19
4
18
3
16
6
16
2
18
2
3
12
2
2
9
14
4
4
2
2
4
4
3
3
2
4
4
3
15
7
3
3
6
14
2
3
3
3
2
3
3
7
4
3
5
7
12
6
2
6
12
6
15
2
3
4
6
11
5
7
5
8
2
15
2
2
18
15
20
3

