9
4
3
7
11
4
15
17
16
7
13
2
17
3
17
14
9
16
13
8
18
18
18
15
4
14
12
5
18
10
2
1
18
8
18
17
4
16
19
3
4
1
4
4
1
11
2
19
1
2
15
18
6
12
12
4
1
11
4
16
19
8
19
1
7
15
3
15
18
16
11
6
3
12
3
19
2
2
18
18
4
19
17
16
16
2
3
3
7
16
18
2
16
19
5
7
18
7
3
6
6
9
17
16
9
8
9
13
6
14
18
9
12
7
9
6
16
4
16
13
19
18
7
2
15
18
4
1
12
17
6
12
4
13
3
13
16
11
4
17
8
3
1
18
19
17
14
18
4
15
19
5
4
16
18
15
4
10
6
18
3
7
9
17
3
1
10
15
7
4
18
7
16
3
5
3
6
17
18
16
14
15
5
2
6
5
15
14
2
14
18
19
18
18
14
17
15
12
11
11
19
5
18
19
16
3
5
5
17
2
7
16
13
2
10
19
10
3
18
18
18
9
3
9
1
16
17
18
1
6
3
16
11
15
17
17
15
6
13
15
1
11
4
2
8
7
2
19
16
16
19
5
13
5
16
14
17
17
18
18
19
3
15
8
12
18
16
1
19
2
5
8
3
8
3
8
6
18
6
13
14
3
9
3
16
16
18
14
16
14
17
7
18
6
3
7
16
17
18
15

