3
6
45
21
10
12
2
2
4
5
17
18
7
10
36
10
24
8
20
70
3
24
6
81
2
7
1
10
4
45
24
30
15
9
14
24
6
3
4
6
83
24
8
9
26
26
9
47
4
64
80
11
9
80
7
12
3
6
40
21
7
7
8
2
40
24
12
35
78
2
42
5
27
7
15
10
1
63
5
7
10
5
65
54
18
8
30
36
9
4
67
20
10
1
24
4
48
18
12
8
2
24
44
42
24
6
8
4
11
54
8
21
28
90
12
4
4
9
12
8
1
72
40
10
3
2
6
12
9
20
49
18
12
38
10
3
9
1
4
8
2
15
10
8
8
6
14
12
2
2
5
8
25
6
1
28
24
12
2
12
15
10
5
11
30
69
12
18
5
10
9
12
1
72
70
2
7
8
12
24
9
8
7
8
4
17
12
4
18
16
10
9
8
11
48
87
1
61
9
20

