-11
4
-45
2
3
2
4
-15
-2
-40
-10
-2
-3
1
0
6
-41
-3
42
81
-15
0
-1
-26
8
5
-5
-3
-20
-6
-6
-40
4
-7
9
-54
-2
-13
54
3
-36
-50
4
-8
28
-3
35
6
-20
-2
1
-43
-5
-2
54
-16
-7
-3
20
1
0
44
-40
8
3
-25
-32
10
-6
1
-36
-37
-9
-10
-9
-14
6
-6
-6
78
5
16
40
5
-1
5
0
-1
-1
10
-7
45
80
6
1
12
-49
48
-42
-56
-21
-10
-6
-1
6
-1
48
9
-4
10
-5
64
-54
-6
66
10
-56
-3
-8
-9
23
-10
-30
-3
10
32
5
-48
8
1
-4
10
-56
9
10
-9
-20
-8
-6
56
-3
-7
30
-57
-1
28
-22
4
-48
48
51
14
9
10
7
-7
-1
-49
2
-8
-1
-3
-80
-4
15
-15
3
8
16
8
1
-2
-34
10
90
-10
-4
-32
10
2
-15
40
-6
9
-10
90
12
10
-50
1
7
1
-9
11
-4
32
6
5
-23
10
50
-5
10
17
-18
-6
6
7
21
-3
-18
81
-49
-26
-26
8
4
-12
3
92
-15
-7
-5
-21
54
-7
-12
-9
-25
-40
2
-4
-64
12
7
7
8
4
-28
2
-5
5
-60
45
-70
-4
6
3
-2
-7
-9
-2
-1
-75
12
25
-2
6
2
7
9
1
-10
-15
-5
5
-5
72
-40
-61
8
-7
-42
3
35
-48
2
45
3
-25
7
3
6
10
9
-3
1
2
1
-2
-7
-16
1
30
1
-15
10
16
-2
6
6
20
-7
9
9
-6
-16
27
-10
4
8
-16
32
-8
-6
-15
70
-73
-30
8
7
10
-80
2
-3
-4
-7
9
-4
2
35
3
90
8
7
48
10
50
7
20
77
25
-9
-53
6
6
-10
-20
-57
-35
-20
-7
12
-20
-7
-14
40
20
-3
-34
-80
30
-43
36
9
-3
2
61
3
1
-16
-5
-6
-78
-8
12
-9
-4
-8
-7
-16
50
-1
-1
41
-58
4
-32
9
5
-14
-6
-12
-2
-41
0
9
-10
-6
7
8
100
-61
9
3
-72
79
3
6
1
-49
10
-4
25
5
-80
-9
-6
-2
-54
-9
0
25
-10
9
3
9
27
10
-9
-10
-27
-3
-4
-1
75
-5
-10
6
-32
10
0
8
2
-106
-6
16
-1
-56
56
2
-1
-15
21
90
5
9
2
-9
-32
2
-2
-1
35
-9
10
60
-3
45
16
30
-5
-6
-1
7
-2
10
17
5
64
9
6
-54
1
-83
57
36
20
6
-33
0
-5
70
7
-54
50
-2
-6
5
-10

