1
5
4
72
44
10
2
36
56
9
3
54
10
31
1
5
1
17
9
60
8
12
44
16
10
76
7
19
16
10
4
5
2
50
12
81
5
1
11
4
63
15
35
16
2
4
4
74
13
4
1
5
5
42
1
5
6
21
12
12
23
11
12
6
80
8
20
24
1
6
6
10
25
70
11
10
8
1
7
6
8
18
72
10
6
4
8
22
27
53
1
60
54
45
27
4
1
14
67
4
5
58
1
12
25
10
17
6
41
8
11
10
15
100
4
50
6
7
32
2
8
14
10
18
1
12
47
11
72
9
3
53
18
1
34
9
7
9
28
40
1
10
77
10
16
3
80
2
22
37
54
9
1
20
9
4
25
69
6
4
100
13
1
35
30
69
8
5
1
2
2
15
17
18
72
3
36
1
60
49
18
36
41
77
70
56
14
8
21
27
19
10
28
5
2
4
5
9
45
16
5
11
70
13
16
53
6
20
2
3
4
18
56
30
21
86
7
17
9
11
5
6
3
2
36
4
3
4
4
63
3
2
6
64
16
35
28
10
8
90
16
4
60
8
1
21
16
4
6
10
2
7
44
2
9
13
1
24
30
5
15
2
68
1
6
4
2
5
1
33
4
2
10
27
28
16
6
26
6
52
7
1
7
1
72
40
1
42
9
24
28
9
2
2
80
36
2
90
42
5

