2
1
2
3
6
4
4
-1
3
1
6
8
4
7
-4
2
3
2
-5
4
5
8
-2
2
2
1
3
1
4
2
4
-2
-3
7
1
-1
-7
-8
1
-8
5
7
-3
9
-1
-4
7
-4
-6
6
3
-6
1
2
-1
1
2
-8
8
1
6
9
4
-6
4
3
5
5
9
2
-5
-2
-2
8
7
3
-2
7
-3
-9
-6
3
-4
7
2
-9
-9
5
-9
-1
-6
1
-9
3
2
-2
3
7
-8
2
5
2
7
4
6
7
5
1
-3
-1
5
5
-2
-4
-5
1
3
2
8
5
7
1
-1
-5
1
4
1
7
3
-8
-8
-9
1
-3
7
4
2
-4
-8
-7
8
9
5
3
7
7
-4
3
-2
5
-1
1
6
-2
2
1
-5
6
6
2
9
-3
3
3
6
3
8
-7
1
5
3
2
6
9
6
1
5
-4
-6
-3
-1
-2
-9
1
-6
8
-8
5
9
8
-5
3
-9
3
4
1
9
9
6
9
-1
3
2
7
-6
1
-3
1
-6
1
-2
1
3
3
-2
-1
-5
-2
-7
3
-7
7
-2
6
-2
-5
-1
6
-9
1
7
4
6
-9
1
-8
-4
1
2
9
6
-8
4
2
-3
5
-6
1
2
8
5
2
-6
7
2
1
-5
6
-4
6
7
-4
6
1
3
5
2
6
2
-5
6
7
-6
2
9
4
6
8
1
2
-1
7
-2
-1
-7
1
-1
-6
-2
-4
-5
-2
-4
-6
6
2
-5
5
1
4

