print(xbar)
x = c(5,6,2,6,5,1,1,4,3,6,4,4,2,1,6,2,5,1,2,5,3,3,6,2,6,2,1,2,4,
2,4,5,5,4,1,2,6,4,6,2,6,5,4,4,1,4,4,6,4,6,5,5,3,1,1,5,1,5,
5,5,5,4,4,6,2,2,3,1,5,3,4,5,2,5,4,1,4,3,4,2,4,6,3,1,1,1,3,
6,5,1,4,5,4,5,2,3,4,5,4,2,5,6,5,5,1,1,6,2,3,1,1,1,2,4,2,3)
n = length(x)
xbar = mean(x)
print(n)
print(xbar)
s = sd(x)
print(s)
x = c(6,6,3,1,6,5,3,3,5,6,
6,4,6,5,3,6,5,1,1,5,
6,5,6,4,6,1,3,2,1,2,
1,2,4,2,6,5,2,6,6,2,
4,1,1,4,6,5,2,2,3,6)
n = length(x)
xbar = mean(x)
print(n)
print(xbar)
s = sd(x)
print(s)
me = 2*s/sqrt(n)
print(me)
print(xbar-3.5)
x = c(6,6,3,1,6,5,3,3,5,6,
6,4,6,5,3,6,5,1,1,5,
6,5,6,4,6,1,3,2,1,2,
1,2,4,2,6,5,2,6,6,2,
4,1,1,4,6,5,2,2,3,6)
n = length(x)
xbar = mean(x)
print(n)
print(xbar)
s = sd(x)
print(s)
me = 2*1.7/sqrt(n)
print(me)
print(xbar-3.5)
x = c(2,6,5,6,6,
1,4,4,5,6,
1,3,5,5,6,
2,3,3,4,6,
2,3,4,4,5,
2,2,3,5,5,
1,1,2,2,6,
2,3,6,6,6,
1,3,5,6,6,
1,3,3,4,5,
2,3,3,4,5,
1,2,2,4,6,
2,3,3,4,6,
2,4,4,6,6,
1,2,2,3,6,
2,3,3,4,6,
3,3,4,5,6,
4,5,6,6,6,
2,2,3,5,6,
2,5,5,6,6,
2,3,4,6,6,
2,3,3,3,4,
2,3,3,4,6)
n = length(x)
xbar = mean(x)
print(n)
print(xbar)
s = sd(x)
print(s)
me = 2*1.7/sqrt(n)
print(me)
print(xbar-3.5)
x = c(2,6,5,6,6,
1,4,4,5,6,
1,3,5,5,6,
2,3,3,4,6,
2,3,4,4,5,
2,2,3,5,5,
1,1,2,2,6,
2,3,6,6,6,
1,3,5,6,6,
1,3,3,4,5,
2,3,3,4,5,
1,2,2,4,6,
2,3,3,4,6,
2,4,4,6,6,
1,2,2,3,6,
2,3,3,4,6,
3,3,4,5,6,
4,5,6,6,6,
2,2,3,5,6,
2,5,5,6,6,
2,3,4,6,6,
2,3,3,3,4,
2,3,3,4,6)
n = length(x)
xbar = mean(x)
print(n)
print(xbar)
s = sd(x)
print(s)
me = 2*s/sqrt(n)
print(me)
print(xbar-3.5)
par(mar=c(0,0,0,0),pty="s")
plot(c(-16,-16,16,16),c(-16,16,16,-16),"l",xlim=c(-20,20),ylim=c(-20,20),axes=F,ann=F)
par(mar=c(0,0,0,0),pty="s")
plot(c(-16,-16,16,16,-16),c(-16,16,16,-16,-16),"l",xlim=c(-20,20),ylim=c(-20,20),axes=F,ann=F)
par(mar=c(0,0,0,0),pty="s")
plot(c(-16,-16,16,16,-16),c(-16,16,16,-16,-16),"l",xlim=c(-20,20),ylim=c(-20,20),axes=F,ann=F)
polygon(c(-13,-13,13,13),c(-13,13,13,-13))
par(mar=c(0,0,0,0),pty="s")
plot(c(-16,-16,16,16,-16),c(-16,16,16,-16,-16),"l",xlim=c(-20,20),ylim=c(-20,20),axes=F,ann=F)
polygon(c(-13,-13,13,13),c(-13,13,13,-13))
lines(c(-13,13),c(5,5))
par(mar=c(0,0,0,0),pty="s")
plot(c(-16,-16,16,16,-16),c(-16,16,16,-16,-16),"l",xlim=c(-20,20),ylim=c(-20,20),axes=F,ann=F)
polygon(c(-13,-13,13,13),c(-13,13,13,-13))
lines(c(-13,13),c(5,5))
text(c(18,14.5,"w"))
par(mar=c(0,0,0,0),pty="s")
plot(c(-16,-16,16,16,-16),c(-16,16,16,-16,-16),"l",xlim=c(-20,20),ylim=c(-20,20),axes=F,ann=F)
polygon(c(-13,-13,13,13),c(-13,13,13,-13))
lines(c(-13,13),c(5,5))
text(18,14.5,"w")
par(mar=c(0,0,0,0),pty="s")
plot(c(-16,-16,16,16,-16),c(-16,16,16,-16,-16),"l",xlim=c(-20,20),ylim=c(-20,20),axes=F,ann=F)
polygon(c(-13,-13,13,13),c(-13,13,13,-13))
lines(c(-13,13),c(5,5))
lines(c(17,17),c(13,16))
text(18,14.5,"w")
par(mar=c(0,0,0,0),pty="s")
plot(c(-16,-16,16,16,-16),c(-16,16,16,-16,-16),"l",xlim=c(-20,20),ylim=c(-20,20),axes=F,ann=F)
polygon(c(-13,-13,13,13),c(-13,13,13,-13))
lines(c(-13,13),c(5,5))
lines(c(16.8,17.2,17,17,16.8,17.2),c(13,13,13,16,16,16))
text(18,14.5,"w")
par(mar=c(0,0,0,0),pty="s")
plot(c(-16,-16,16,16,-16),c(-16,16,16,-16,-16),"l",xlim=c(-20,20),ylim=c(-20,20),axes=F,ann=F)
polygon(c(-13,-13,13,13),c(-13,13,13,-13))
lines(c(-13,13),c(5,5))
lines(c(16.8,17.2,17,17,16.8,17.2),c(13,13,13,16,16,16))
text(18,14.5,"w")
lines(c(-16.8,-17.2,-17,-17,-16.8,-17.2),c(0,0,0,16,16,16))
text(18,14.5,"w")
par(mar=c(0,0,0,0),pty="s")
plot(c(-16,-16,16,16,-16),c(-16,16,16,-16,-16),"l",xlim=c(-20,20),ylim=c(-20,20),axes=F,ann=F)
polygon(c(-13,-13,13,13),c(-13,13,13,-13))
lines(c(-13,13),c(5,5))
lines(c(16.8,17.2,17,17,16.8,17.2),c(13,13,13,16,16,16))
text(18,14.5,"w")
lines(c(-16.8,-17.2,-17,-17,-16.8,-17.2),c(0,0,0,16,16,16))
text(-18,8,"r")
par(mar=c(0,0,0,0),pty="s")
plot(c(-16,-16,16,16,-16),c(-16,16,16,-16,-16),"l",xlim=c(-20,20),ylim=c(-20,20),axes=F,ann=F)
polygon(c(-13,-13,13,13),c(-13,13,13,-13))
lines(c(-13,13),c(5,5))
lines(c(16.8,17.2,17,17,16.8,17.2),c(13,13,13,16,16,16))
text(18,14.5,"w")
lines(c(-16.8,-17.2,-17,-17,-16.8,-17.2),c(0,0,0,16,16,16))
text(-18,8,"r")
lines(c(-0.02,0.02,0,0,-0.02,0.02),c(0,0,0,5,5,5))
text(-18,8,"r")
par(mar=c(0,0,0,0),pty="s")
plot(c(-16,-16,16,16,-16),c(-16,16,16,-16,-16),"l",xlim=c(-20,20),ylim=c(-20,20),axes=F,ann=F)
polygon(c(-13,-13,13,13),c(-13,13,13,-13))
lines(c(-13,13),c(5,5))
lines(c(16.8,17.2,17,17,16.8,17.2),c(13,13,13,16,16,16))
text(18,14.5,"w")
lines(c(-16.8,-17.2,-17,-17,-16.8,-17.2),c(0,0,0,16,16,16))
text(-18,8,"r")
lines(c(-0.2,0.2,0,0,-0.2,0.2),c(0,0,0,5,5,5),lwd=2)
text(-18,8,"r")
par(mar=c(0,0,0,0),pty="s")
plot(c(-16,-16,16,16,-16),c(-16,16,16,-16,-16),"l",xlim=c(-20,20),ylim=c(-20,20),axes=F,ann=F)
polygon(c(-13,-13,13,13),c(-13,13,13,-13))
lines(c(-13,13),c(5,5))
lines(c(16.8,17.2,17,17,16.8,17.2),c(13,13,13,16,16,16))
text(18,14.5,"w")
lines(c(-16.8,-17.2,-17,-17,-16.8,-17.2),c(0,0,0,16,16,16))
text(-18,8,"r")
lines(c(-0.2,0.2,0,0,-0.2,0.2),c(0,0,0,5,5,5),lwd=2)
text(1,2.5,"r")
par(mar=c(0,0,0,0),pty="s")
plot(c(-16,-16,16,16,-16),c(-16,16,16,-16,-16),"l",xlim=c(-20,20),ylim=c(-20,20),axes=F,ann=F)
polygon(c(-13,-13,13,13),c(-13,13,13,-13))
lines(c(-13,13),c(5,5))
lines(c(16.8,17.2,17,17,16.8,17.2),c(13,13,13,16,16,16))
text(18,14.5,"w")
lines(c(-16.8,-17.2,-17,-17,-16.8,-17.2),c(0,0,0,16,16,16))
text(-18,8,"r")
lines(c(-0.2,0.2,0,0,-0.2,0.2),c(0,0,0,5,5,5),lwd=2)
text(1,2.5,"x")
par(mar=c(0,0,0,0),pty="s")
plot(c(-16,-16,16,16,-16),c(-16,16,16,-16,-16),"l",xlim=c(-20,20),ylim=c(-20,20),axes=F,ann=F)
polygon(c(-13,-13,13,13),c(-13,13,13,-13))
lines(c(-13,13),c(5,5))
lines(c(16.8,17.2,17,17,16.8,17.2),c(13,13,13,16,16,16))
text(18,14.5,"w")
lines(c(-16.8,-17.2,-17,-17,-16.8,-17.2),c(0,0,0,13,13,13))
text(-18,8,"r")
lines(c(-0.2,0.2,0,0,-0.2,0.2),c(0,0,0,5,5,5),lwd=2)
text(1,2.5,"x")
par(mar=c(0,0,0,0),pty="s")
plot(c(-16,-16,16,16,-16),c(-16,16,16,-16,-16),"l",xlim=c(-20,20),ylim=c(-20,20),axes=F,ann=F)
polygon(c(-13,-13,13,13),c(-13,13,13,-13))
lines(c(-13,13),c(5,5))
lines(c(16.8,17.2,17,17,16.8,17.2),c(13,13,13,16,16,16))
text(18,14.5,"w")
lines(c(-16.8,-17.2,-17,-17,-16.8,-17.2),c(0,0,0,13,13,13))
text(-18,6.5,"r")
lines(c(-0.2,0.2,0,0,-0.2,0.2),c(0,0,0,5,5,5),lwd=2)
text(1,2.5,"x")
reticulate::source_python('~/Documents/chadworley.github.io/a2/tools/set_ET_data.py')
reticulate::source_python('~/Documents/chadworley.github.io/a2/tools/set_ET_data.py')
x = c(5,1,1,1,4,6,6,6,1,1,4,2,
1,5,3,1,5,6,1,5,6,4,4,2,
2,3,6,3,3,6,1,3,5,1,4,6,
3,6,6,1,1,5,2,3,5,4,5,6,
1,1,6,5,5,5,1,2,3,2,2,4,
3,5,6,3,5,5,1,2,4,2,3,4,
2,2,6,5,6,6,4,6,6,4,4,6,
1,3,5,3,4,6,3,6,6,1,3,4,
2,3,6,6,6,6,4,6,6,4,5,6,
3,4,5,2,4,6,2,5,5,1,3,4)
n = length(x)
xbar = mean(x)
s = sd(x)
me = 2*s/sqrt(n)
print(me)
print(xbar-3.5)
x = c(5,1,1,1,4,6,6,6,1,1,4,2,
1,5,3,1,5,6,1,5,6,4,4,2,
2,3,6,3,3,6,1,3,5,1,4,6,
3,6,6,1,1,5,2,3,5,4,5,6,
1,1,6,5,5,5,1,2,3,2,2,4,
3,5,6,3,5,5,1,2,4,2,3,4,
2,2,6,5,6,6,4,6,6,4,4,6,
1,3,5,3,4,6,3,6,6,1,3,4,
2,3,6,6,6,6,4,6,6,4,5,6,
3,4,5,2,4,6,2,5,5,1,3,4)
n = length(x)
xbar = mean(x)
s = sd(x)
me = 2*s/sqrt(n)
print(me)
print(xbar-3.5)
print(n)
# x = c(5,1,1,1,4,6,6,6,1,1,4,2,
#       1,5,3,1,5,6,1,5,6,4,4,2,
#       2,3,6,3,3,6,1,3,5,1,4,6,
#       3,6,6,1,1,5,2,3,5,4,5,6,
#       1,1,6,5,5,5,1,2,3,2,2,4,
#       3,5,6,3,5,5,1,2,4,2,3,4,
#       2,2,6,5,6,6,4,6,6,4,4,6,
#       1,3,5,3,4,6,3,6,6,1,3,4,
#       2,3,6,6,6,6,4,6,6,4,5,6,
#       3,4,5,2,4,6,2,5,5,1,3,4)
x = c(1,4,5,1,1,6,4,6,6,3,4,4,2,5,6,1,5,6,
2,3,3,1,6,6,1,6,6,2,2,4,1,3,6,2,2,5,
4,4,6,3,4,6,1,3,3,1,3,4,1,3,3,1,2,5,
2,4,5,3,5,6,3,6,6,3,4,6,2,3,3,2,6,6,
1,3,5,4,5,6,3,4,6,2,2,5,1,1,3,4,6,6,
1,2,3,2,2,5,2,2,6,4,4,6,2,2,4,1,2,5)
n = length(x)
xbar = mean(x)
s = sd(x)
me = 2*s/sqrt(n)
print(me)
print(xbar-3.5)
print(n)
# x = c(5,1,1,1,4,6,6,6,1,1,4,2,
#       1,5,3,1,5,6,1,5,6,4,4,2,
#       2,3,6,3,3,6,1,3,5,1,4,6,
#       3,6,6,1,1,5,2,3,5,4,5,6,
#       1,1,6,5,5,5,1,2,3,2,2,4,
#       3,5,6,3,5,5,1,2,4,2,3,4,
#       2,2,6,5,6,6,4,6,6,4,4,6,
#       1,3,5,3,4,6,3,6,6,1,3,4,
#       2,3,6,6,6,6,4,6,6,4,5,6,
#       3,4,5,2,4,6,2,5,5,1,3,4)
# x = c(1,4,5,1,1,6,4,6,6,3,4,4,2,5,6,1,5,6,
#     2,3,3,1,6,6,1,6,6,2,2,4,1,3,6,2,2,5,
#     4,4,6,3,4,6,1,3,3,1,3,4,1,3,3,1,2,5,
#     2,4,5,3,5,6,3,6,6,3,4,6,2,3,3,2,6,6,
#     1,3,5,4,5,6,3,4,6,2,2,5,1,1,3,4,6,6,
#     1,2,3,2,2,5,2,2,6,4,4,6,2,2,4,1,2,5)
x = c(1,1,2,2,4,5,2,2,3,4,6,6,3,3,4,4,6,6,
1,3,3,5,5,6,2,3,4,5,6,6,3,3,3,3,6,6,
2,2,3,6,6,6,1,2,4,4,5,6,2,4,4,4,6,6,
1,2,5,5,6,6,2,3,4,5,6,6,1,2,3,3,5,6,
1,4,4,5,6,6,1,3,4,6,6,6,2,3,3,3,4,4,
3,3,4,4,4,5,1,2,3,4,4,6,3,4,5,5,6,6)
n = length(x)
xbar = mean(x)
s = sd(x)
me = 2*s/sqrt(n)
print(me)
print(xbar-3.5)
print(n)
# x = c(5,1,1,1,4,6,6,6,1,1,4,2,
#       1,5,3,1,5,6,1,5,6,4,4,2,
#       2,3,6,3,3,6,1,3,5,1,4,6,
#       3,6,6,1,1,5,2,3,5,4,5,6,
#       1,1,6,5,5,5,1,2,3,2,2,4,
#       3,5,6,3,5,5,1,2,4,2,3,4,
#       2,2,6,5,6,6,4,6,6,4,4,6,
#       1,3,5,3,4,6,3,6,6,1,3,4,
#       2,3,6,6,6,6,4,6,6,4,5,6,
#       3,4,5,2,4,6,2,5,5,1,3,4)
# x = c(1,4,5,1,1,6,4,6,6,3,4,4,2,5,6,1,5,6,
#     2,3,3,1,6,6,1,6,6,2,2,4,1,3,6,2,2,5,
#     4,4,6,3,4,6,1,3,3,1,3,4,1,3,3,1,2,5,
#     2,4,5,3,5,6,3,6,6,3,4,6,2,3,3,2,6,6,
#     1,3,5,4,5,6,3,4,6,2,2,5,1,1,3,4,6,6,
#     1,2,3,2,2,5,2,2,6,4,4,6,2,2,4,1,2,5)
# x = c(1,1,2,2,4,5,2,2,3,4,6,6,3,3,4,4,6,6,
#       1,3,3,5,5,6,2,3,4,5,6,6,3,3,3,3,6,6,
#       2,2,3,6,6,6,1,2,4,4,5,6,2,4,4,4,6,6,
#       1,2,5,5,6,6,2,3,4,5,6,6,1,2,3,3,5,6,
#       1,4,4,5,6,6,1,3,4,6,6,6,2,3,3,3,4,4,
#       3,3,4,4,4,5,1,2,3,4,4,6,3,4,5,5,6,6)
x = c(1,2,4,4,5,6,2,3,3,3,4,4,2,3,4,4,5,6,
2,4,5,5,5,6,5,5,5,5,6,6,1,2,2,4,5,6,
1,3,4,6,6,6,2,3,4,4,6,6,3,4,5,5,6,6,
2,3,3,4,5,6,1,3,5,5,6,6,1,2,4,5,5,6)
n = length(x)
xbar = mean(x)
s = sd(x)
me = 2*s/sqrt(n)
print(me)
print(xbar-3.5)
print(n)
# x = c(5,1,1,1,4,6,6,6,1,1,4,2,
#       1,5,3,1,5,6,1,5,6,4,4,2,
#       2,3,6,3,3,6,1,3,5,1,4,6,
#       3,6,6,1,1,5,2,3,5,4,5,6,
#       1,1,6,5,5,5,1,2,3,2,2,4,
#       3,5,6,3,5,5,1,2,4,2,3,4,
#       2,2,6,5,6,6,4,6,6,4,4,6,
#       1,3,5,3,4,6,3,6,6,1,3,4,
#       2,3,6,6,6,6,4,6,6,4,5,6,
#       3,4,5,2,4,6,2,5,5,1,3,4)
# x = c(1,4,5,1,1,6,4,6,6,3,4,4,2,5,6,1,5,6,
#     2,3,3,1,6,6,1,6,6,2,2,4,1,3,6,2,2,5,
#     4,4,6,3,4,6,1,3,3,1,3,4,1,3,3,1,2,5,
#     2,4,5,3,5,6,3,6,6,3,4,6,2,3,3,2,6,6,
#     1,3,5,4,5,6,3,4,6,2,2,5,1,1,3,4,6,6,
#     1,2,3,2,2,5,2,2,6,4,4,6,2,2,4,1,2,5)
# x = c(1,1,2,2,4,5,2,2,3,4,6,6,3,3,4,4,6,6,
#       1,3,3,5,5,6,2,3,4,5,6,6,3,3,3,3,6,6,
#       2,2,3,6,6,6,1,2,4,4,5,6,2,4,4,4,6,6,
#       1,2,5,5,6,6,2,3,4,5,6,6,1,2,3,3,5,6,
#       1,4,4,5,6,6,1,3,4,6,6,6,2,3,3,3,4,4,
#       3,3,4,4,4,5,1,2,3,4,4,6,3,4,5,5,6,6)
x = c(1,2,4,4,5,6,2,3,3,3,4,4,2,3,4,4,5,6,
2,4,5,5,5,6,5,5,5,5,6,6,1,2,2,4,5,6,
1,3,4,6,6,6,2,3,4,4,6,6,3,4,5,5,6,6,
2,3,3,4,5,6,1,3,5,5,6,6,1,2,4,5,5,6)
n = length(x)
xbar = mean(x)
s = 1.7 #sd(x)
me = 2*s/sqrt(n)
print(me)
print(xbar-3.5)
print(n)
# x = c(5,1,1,1,4,6,6,6,1,1,4,2,
#       1,5,3,1,5,6,1,5,6,4,4,2,
#       2,3,6,3,3,6,1,3,5,1,4,6,
#       3,6,6,1,1,5,2,3,5,4,5,6,
#       1,1,6,5,5,5,1,2,3,2,2,4,
#       3,5,6,3,5,5,1,2,4,2,3,4,
#       2,2,6,5,6,6,4,6,6,4,4,6,
#       1,3,5,3,4,6,3,6,6,1,3,4,
#       2,3,6,6,6,6,4,6,6,4,5,6,
#       3,4,5,2,4,6,2,5,5,1,3,4)
# x = c(1,4,5,1,1,6,4,6,6,3,4,4,2,5,6,1,5,6,
#     2,3,3,1,6,6,1,6,6,2,2,4,1,3,6,2,2,5,
#     4,4,6,3,4,6,1,3,3,1,3,4,1,3,3,1,2,5,
#     2,4,5,3,5,6,3,6,6,3,4,6,2,3,3,2,6,6,
#     1,3,5,4,5,6,3,4,6,2,2,5,1,1,3,4,6,6,
#     1,2,3,2,2,5,2,2,6,4,4,6,2,2,4,1,2,5)
# x = c(1,1,2,2,4,5,2,2,3,4,6,6,3,3,4,4,6,6,
#       1,3,3,5,5,6,2,3,4,5,6,6,3,3,3,3,6,6,
#       2,2,3,6,6,6,1,2,4,4,5,6,2,4,4,4,6,6,
#       1,2,5,5,6,6,2,3,4,5,6,6,1,2,3,3,5,6,
#       1,4,4,5,6,6,1,3,4,6,6,6,2,3,3,3,4,4,
#       3,3,4,4,4,5,1,2,3,4,4,6,3,4,5,5,6,6)
x = c(1,2,4,4,5,6,2,3,3,3,4,4,2,3,4,4,5,6,
2,4,5,5,5,6,5,5,5,5,6,6,1,2,2,4,5,6,
1,3,4,6,6,6,2,3,4,4,6,6,3,4,5,5,6,6,
2,3,3,4,5,6,1,3,5,5,6,6,1,2,4,5,5,6)
n = length(x)
xbar = mean(x)
s = 1.7 #sd(x)
me = 2*s/sqrt(n)
print(me)
print(xbar-3.5)
print(n)
print(sqrt((35)/12))
# x = c(5,1,1,1,4,6,6,6,1,1,4,2,
#       1,5,3,1,5,6,1,5,6,4,4,2,
#       2,3,6,3,3,6,1,3,5,1,4,6,
#       3,6,6,1,1,5,2,3,5,4,5,6,
#       1,1,6,5,5,5,1,2,3,2,2,4,
#       3,5,6,3,5,5,1,2,4,2,3,4,
#       2,2,6,5,6,6,4,6,6,4,4,6,
#       1,3,5,3,4,6,3,6,6,1,3,4,
#       2,3,6,6,6,6,4,6,6,4,5,6,
#       3,4,5,2,4,6,2,5,5,1,3,4)
# x = c(1,4,5,1,1,6,4,6,6,3,4,4,2,5,6,1,5,6,
#     2,3,3,1,6,6,1,6,6,2,2,4,1,3,6,2,2,5,
#     4,4,6,3,4,6,1,3,3,1,3,4,1,3,3,1,2,5,
#     2,4,5,3,5,6,3,6,6,3,4,6,2,3,3,2,6,6,
#     1,3,5,4,5,6,3,4,6,2,2,5,1,1,3,4,6,6,
#     1,2,3,2,2,5,2,2,6,4,4,6,2,2,4,1,2,5)
# x = c(1,1,2,2,4,5,2,2,3,4,6,6,3,3,4,4,6,6,
#       1,3,3,5,5,6,2,3,4,5,6,6,3,3,3,3,6,6,
#       2,2,3,6,6,6,1,2,4,4,5,6,2,4,4,4,6,6,
#       1,2,5,5,6,6,2,3,4,5,6,6,1,2,3,3,5,6,
#       1,4,4,5,6,6,1,3,4,6,6,6,2,3,3,3,4,4,
#       3,3,4,4,4,5,1,2,3,4,4,6,3,4,5,5,6,6)
x = c(1,2,4,4,5,6,2,3,3,3,4,4,2,3,4,4,5,6,
2,4,5,5,5,6,5,5,5,5,6,6,1,2,2,4,5,6,
1,3,4,6,6,6,2,3,4,4,6,6,3,4,5,5,6,6,
2,3,3,4,5,6,1,3,5,5,6,6,1,2,4,5,5,6)
n = length(x)
xbar = mean(x)
s = sqrt(35/12) #sd(x)
me = 2*s/sqrt(n)
print(me)
print(xbar-3.5)
print(n)
th = seq(0,2*pi,pi/100)
r = 1-sin(th)^12
x = r*cos(th)
y = r*sin(th)
par(mar=c(0,0,0,0),pty="s")
plot(x,y,"l",ann=F,axes=F,xlim=c(-2,2),ylim=c(-2,2))
th = seq(0,2*pi,pi/100)
r = 1-sin(th/2)^12
x = r*cos(th)
y = r*sin(th)
par(mar=c(0,0,0,0),pty="s")
plot(x,y,"l",ann=F,axes=F,xlim=c(-2,2),ylim=c(-2,2))
th = seq(0,2*pi,pi/100)
r = 1-sin(th)^12+0.2
x = r*cos(th)
y = r*sin(th)
par(mar=c(0,0,0,0),pty="s")
plot(x,y,"l",ann=F,axes=F,xlim=c(-2,2),ylim=c(-2,2))
th = seq(0,2*pi,pi/100)
r = 1-sin(th/2)^12+0.2
x = r*cos(th)
y = r*sin(th)
par(mar=c(0,0,0,0),pty="s")
plot(x,y,"l",ann=F,axes=F,xlim=c(-2,2),ylim=c(-2,2))
th = seq(0,2*pi,pi/100)
r = 1-sin(th)^12+0.2
x = r*cos(th)
y = r*sin(th)
par(mar=c(0,0,0,0),pty="s")
plot(x,y,"l",ann=F,axes=F,xlim=c(-2,2),ylim=c(-2,2))
par(mar=c(0,0,0,0),pty="s")
plot(0,0,"l",ann=F,axes=F,xlim=c(-2,2),ylim=c(-2,2))
th = seq(0,2*pi,pi/100)
x = 0.2*cos(th)-1
y = 0.2*sin(th)
polygon(x,y,col="black")
x = 0.15*cos(th)
y = 0.3*sin(th)
polygon(x,y,col="black")
par(mar=c(0,0,0,0),pty="s")
plot(0,0,"l",ann=F,axes=F,xlim=c(-2,2),ylim=c(-2,2))
th = seq(0,2*pi,pi/100)
x = 0.2*cos(th)-0.5
y = 0.2*sin(th)
polygon(x,y,col="black")
x = 0.15*cos(th)
y = 0.3*sin(th)
polygon(x,y,col="black")
par(mar=c(0,0,0,0),pty="s")
plot(0,0,"l",ann=F,axes=F,xlim=c(-2,2),ylim=c(-2,2))
th = seq(0,2*pi,pi/100)
x = 0.2*cos(th)-0.5
y = 0.2*sin(th)
polygon(x,y,col="black")
x = 0.15*cos(th)
y = 0.3*sin(th)
polygon(x,y,col="black")
x = 0.3*cos(th)
y = 0.1*sin(th)+0.2
polygon(x,y,col="black")
par(mar=c(0,0,0,0),pty="s")
plot(0,0,"l",ann=F,axes=F,xlim=c(-2,2),ylim=c(-2,2))
th = seq(0,2*pi,pi/100)
x = 0.2*cos(th)-0.5
y = 0.2*sin(th)
polygon(x,y,col="black")
x = 0.15*cos(th)
y = 0.3*sin(th)
polygon(x,y,col="black")
x = 0.3*cos(th)-0.25
y = 0.1*sin(th)+0.2
polygon(x,y,col="black")
reticulate::source_python('~/Documents/chadworley.github.io/ml/u01_wallpaper_groups/images/foot.py')
setwd("~/Documents/chadworley.github.io/ml/u01_wallpaper_groups/images")
reticulate::source_python('~/Documents/chadworley.github.io/ml/u01_wallpaper_groups/images/foot.py')
reticulate::source_python('~/Documents/chadworley.github.io/ml/u01_wallpaper_groups/images/foot.py')
reticulate::source_python('~/Documents/chadworley.github.io/ml/u01_wallpaper_groups/images/foot.py')
reticulate::source_python('~/Documents/chadworley.github.io/ml/u01_wallpaper_groups/images/foot.py')
reticulate::source_python('~/Documents/chadworley.github.io/ml/u01_wallpaper_groups/images/foot.py')
reticulate::repl_python()
