1  2325  2924  1274  4914
2  4896  3658  1127  1833
3  3591  2006  3354  4872
4  8178  3910  2686  4968
5  952  1856  1692  3392
6  5985  1242  3276  1242
7  2006  6142  4171  5022
8  3610  5976  2961  4266
9  3634  7990  7050  6174
10  1470  3741  7968  8178
11  1053  5070  5963  4508
12  1794  2210  3312  2925
13  5922  5695  5184  1495
14  1305  3995  1026  3105
15  2516  2592  4428  1653
16  1288  4956  3276  3240
17  2400  5607  1950  1725
18  1888  3888  4108  1593
19  4662  1512  1972  3600
20  3354  1541  2136  5766
21  4018  2432  1755  3285
22  2520  1404  2597  5044
23  2730  3024  6256  4370
24  3276  4914  2425  1932
25  4472  986  1800  850
26  4465  2100  2660  1833
27  4536  2538  2494  4416
28  2523  2368  2328  4232
29  6045  1620  3104  4897
30  3528  2544  3120  3956
1  2325  2924  1274  4914
