3
4
3
5
8
98
84
85
2
3
3
21
4
20
7
6
5
7
44
2
4
3
8
41
3
7
95
5
82
80
5
56
6
5
5
6
2
2
7
9
5
55
90
2
3
3
7
4
6
52
92
22
79
4
91
8
9
98
4
38
38
2
2
7
5
3
73
8
76
3
8
4
6
8
56
4
5
5
2
6
4
20
2
35
9
8
24
2
81
88
86
9
7
30
27
91
6
2
3
9
60
8
52
85
8
3
66
5
9
62
8
45
5
7
71
2
7
53
9
4
2
36
22
53
83
36
36
4
5
3
3
7
5
2
85
5
2
4
5
4
5
40
84
5
54
3
5
6
50
8
5
7
52
61
7
8
56
9
9
7
20
59
7
32
2
6
7
96
7
8
79
4
78
8
7
6
42
62
8
46
3
25
6
2
6
2
3
8
7
65
97
6
4
73
71
5
8
4
33
6
4
82
4
4
8
5
65
9
3
2
91
59
39
6
7
3
4
7
2
3
5
21
5
9
6
22
55
4
9
8
62
7
9
9
98
5
6
5
2
2
7
2
5
52
7
9
9
6
3
4
73
5
44
77
4
7
83
2
9
5
5
3
9
9
3
2
5
8
91
9
6
35
4
51
42
9
75
86
9
9
4
4
7
79
2
35
52
3
3
5
75
9
2
7
79
84
3
4
3
7
78
7
2
9
8
9
4
9
32
4
7
29
75
96
37
6
9
41
5
63
8
9
3
4
7
8
9
7
20
6
8
68
92
59
6
5
6
6
9
59
4
34
8
4
3
22
22
4
8
7
7
32
3
5
9
61
66
72
98
5
5
8
8
56
8
8
8
3
84
6
9
9
69
79
5
4
88
3
90
6
41
9
7
3
2
8
8
6
9
5
4
9
5
71
6
88
2
32
4
5
4
32
80
5
9
9
6
22
4
57
4
7
74
56
8
4
7
9
96
7
88
98
8
2
62
47
96
9
69
6
80
5
2
4
74
78
8
85
3
45
90
3
3
71
24
4
9
8
51
5
8
28
56
9
89
43
9
69
6
6
5
3
3
4
47
7
3
7
55
9
6
66
47
62
7
5
2
37
89
5
8
60
3
7
45
29
9
4
4
41
39
87
82
74
8
3
33
64
6
4
3
2
7
5
6
78
63
8
38
3
86
6
25
7
4
7
9
7
22
7
5
2
2
3
9
2
2
29
95
7
54
86
5
32
77
6
41
4
3
69
4
8
2
7
5
6
8
8
3
69
62
26
5
3
39
7
3
2
2
4
9
6
5
9
3
9
7
8
37
5
5
94
7
62
2
4
9
4
6
7
73
54
8
3
4
2
6
4
7
8
9
6
5
2
2
4
7
7
76
9
30
84
96
9
4
65
79
74
7
46
3
2
3
6
6
8
5
5
8
2
75
85
9
6
2
5
7
68
3
2
43
4
5
5
9
29
94
53
5
5
4
4
3
6
5
7
9
69
5
3
6
91
37
77
49
3
8
9
32
85
47
7
51
2
3
71
46
7
7
4
8
24
78
3
7
3
5
83
3
8
36
4
2
4
90
3
5
4
7
8
31
27
8
3
7
63
59
2
8
4
5
4
67
53
5
5
71
7
3
2
4
9
9
3
4
7
2
8
72
3
3
54
6
51
40
58
9
65
68
8
3
71
30
65
4
7
7
6
22
51
57
2
67
7
6
23
82
7
9
8
3
9
5
3
4
3
5
9
9
7
9
4
8
32
8
3
3
77
95
37
55
9
35
5
7
24
89
9
6
82
76
6
2
20
30
8
9
21
7
70
39
31
9
93
91
23
8
4
22
54
74
64
62
90
6
2
8
51
3
5
34
32
63
82
8
5
57
55
2
7
3
9
57
4
78
6
34
76
7
32
84
7
3
6
52
4
5
5
41
2
48
61
8
95
4
50
8
45
6
3
7
4
75
9
84
5
28
2
5
3
7
2
8
2
2
80
46
6
7
49
2
8
35
9
2
47
9
46
9
73
28
58
4
7
3
60
6
91
9
32
9
64
5
7
2
3
6
4
68
7
73
27
54
8
4
2
35
4
48
4
68
83
3
94
9
6
73
8
3
32
2
6
8
25
9
96
53
83
3
43
3
75
5
2
6
9
66
5
2
28
48
8
4
7
8
7
9
3
3
24
3
6
6
3
8
8
3
9
2
2
6
31
95
48
43
2
4
2
62
7
2
4
28
2
2
36
3
2
24
85
51
88
2
4
4
6
2
9
9
7
43
7
86
2
2
9
4
95
9
6
