10
20
8
9
6
3
7
8
3
6
12
6
2
3
9
14
3
8
2
14
9
8
18
11
7
16
13
4
9
6
5
7
6
9
14
36
9
5
18
9
3
6
3
9
8
2
3
9
2
2
7
10
6
5
7
6
11
2
8
9
9
6
6
3
4
5
7
45
13
9
7
7
6
4
6
4
7
2
3
45
8
4
5
8
42
5
3
9
11
4
3
3
6
9
2
36
12
7
4
2
9
6
6
12
5
9
8
9
21
10
5
63
2
6
7
11
5
10
4
4
5
7
8
9
8
8
4
13
9
6
8
7
7
10
5
9
5
4
8
4
11
24
5
5
7
5
3
5
6
8
5
3
4
3
2
6
40
6
4
4
5
18
3
11
11
18
2
8
11
6
9
3
7
8
4
28
9
6
11
9
8
5
9
4
11
6
8
17
3
18
72
4
5
36
8
2
9
3
6
10
27
9
2
7
9
11
6
4
5
63
7
7
7
4
8
6
24
3
8
3
42
7
35
12
2
4
9
3
2
36
7
15
9
7
3
9
9
14
2
6
9
7
7
5
8
3
8
7
10
63
6
7
10
10
2
12
4
9
9
4
32
35
8
8
7
6
8
7
3
21
7
24
6
3
5
4
35
6
5
5
9
15
8
3
5
12
5
2
4
11
6
2
7
4
35
3
2
9
2
8

