1. 40.4
2. 12.2
3. 48.1
4. 69.0
5. 1.37
6. 53.4
7. 79.3
8. 79.7
9. 73.8
10. 1.24
11. 0.530
12. 0.233
13. 68.7
14. 57.2
15. 20.4
16. 56.0
17. 55.9
18. 1.26
19. 0.926
20. 49.2
21. 38.1
22. 15.4
23. 0.395
24. 34.6
25. 0.610
26. 1.11
27. 58.1
28. 33.0
29. 79.5
30. 60.8
31. 28.6
32. 40.4
33. 57.9
34. 1.10
35. 42.9
36. 49.7
37. 46.8
38. 15.7
39. 52.5
40. 16.7
41. 65.7
42. 65.6
43. 0.923
44. 33.4
45. 82.9
46. 0.842
47. 14.7
48. 52.3
49. 51.3
50. 40.7
51. 22.4
52. 0.880
53. 0.196
54. 64.0
55. 17.9
56. 34.3
57. 28.6
58. 79.9
59. 78.9
60. 40.0
61. 41.9
62. 62.8
63. 0.317
64. 68.0
65. 32.6
66. 28.2
67. 85.1
68. 1.10
69. 38.0
70. 85.2
71. 45.6
72. 1.06
73. 34.0
74. 16.4
75. 0.249
76. 18.4
77. 29.9
78. 0.619
79. 44.5
80. 68.9
81. 74.1
82. 75.5
83. 0.416
84. 35.5
85. 61.8
86. 48.9
87. 20.7
88. 30.5
89. 77.6
90. 0.935
91. 27.7
92. 77.7
93. 18.1
94. 14.2
95. 13.3
96. 89.4
97. 0.746
98. 0.309
99. 0.391
100. 21.7

